00000000: 01111111 01000101 01001100 01000110 00000001 00000001  .ELF..
00000006: 00000001 00000000 00000000 00000000 00000000 00000000  ......
0000000c: 00000000 00000000 00000000 00000000 00000010 00000000  ......
00000012: 00101000 00000000 00000001 00000000 00000000 00000000  (.....
00000018: 11100101 00000000 00000010 00000000 00110100 00000000  ....4.
0000001e: 00000000 00000000 01101000 00001101 00000000 00000000  ..h...
00000024: 00000000 00000100 00000000 00000101 00110100 00000000  ....4.
0000002a: 00100000 00000000 00000101 00000000 00101000 00000000   ...(.
00000030: 00001111 00000000 00001101 00000000 00000110 00000000  ......
00000036: 00000000 00000000 00110100 00000000 00000000 00000000  ..4...
0000003c: 00110100 00000000 00000001 00000000 00110100 00000000  4...4.
00000042: 00000001 00000000 10100000 00000000 00000000 00000000  ......
00000048: 10100000 00000000 00000000 00000000 00000100 00000000  ......
0000004e: 00000000 00000000 00000100 00000000 00000000 00000000  ......
00000054: 00000001 00000000 00000000 00000000 00000000 00000000  ......
0000005a: 00000000 00000000 00000000 00000000 00000001 00000000  ......
00000060: 00000000 00000000 00000001 00000000 11100100 00000000  ......
00000066: 00000000 00000000 11100100 00000000 00000000 00000000  ......
0000006c: 00000100 00000000 00000000 00000000 00000000 00000000  ......
00000072: 00000001 00000000 00000001 00000000 00000000 00000000  ......
00000078: 11100100 00000000 00000000 00000000 11100100 00000000  ......
0000007e: 00000010 00000000 11100100 00000000 00000010 00000000  ......
00000084: 00000110 00000000 00000000 00000000 00000110 00000000  ......
0000008a: 00000000 00000000 00000101 00000000 00000000 00000000  ......
00000090: 00000000 00000000 00000001 00000000 01010001 11100101  ....Q.
00000096: 01110100 01100100 00000000 00000000 00000000 00000000  td....
0000009c: 00000000 00000000 00000000 00000000 00000000 00000000  ......
000000a2: 00000000 00000000 00000000 00000000 00000000 00000000  ......
000000a8: 00000000 00000000 00000000 00000000 00000110 00000000  ......
000000ae: 00000000 00000000 00000000 00000000 00000000 00000000  ......
000000b4: 00000001 00000000 00000000 01110000 11010100 00000000  ...p..
000000ba: 00000000 00000000 11010100 00000000 00000001 00000000  ......
000000c0: 11010100 00000000 00000001 00000000 00010000 00000000  ......
000000c6: 00000000 00000000 00010000 00000000 00000000 00000000  ......
000000cc: 00000100 00000000 00000000 00000000 00000100 00000000  ......
000000d2: 00000000 00000000 00010000 00000000 00000001 00000000  ......
000000d8: 00000001 00000000 00000000 00000000 00001110 00000000  ......
000000de: 00000001 00000000 00000001 00000000 00000000 00000000  ......
000000e4: 10000000 10110101 01101111 01000110 10000000 10111101  ..oF..
000000ea: 00000001 00010001 00000001 00100101 00001110 00010011  ...%..
000000f0: 00000101 00000011 00001110 00010000 00010111 00011011  ......
000000f6: 00001110 00010001 00000001 01010101 00010111 00000000  ...U..
000000fc: 00000000 00000010 00111001 00000001 00000011 00001110  ..9...
00000102: 00000000 00000000 00000011 00101110 00000001 00010001  ......
00000108: 00000001 00010010 00000110 01000000 00011000 01101110  ...@.n
0000010e: 00001110 00000011 00001110 00111010 00001011 00111011  ...:.;
00000114: 00001011 10000111 00000001 00011001 00000000 00000000  ......
0000011a: 00000100 00000101 00000000 00000010 00011000 00000011  ......
00000120: 00001110 00111010 00001011 00111011 00001011 01001001  .:.;.I
00000126: 00010011 00000000 00000000 00000101 00101110 00000000  ......
0000012c: 00010001 00000001 00010010 00000110 01000000 00011000  ....@.
00000132: 00000011 00001110 00111010 00001011 00111011 00001011  ..:.;.
00000138: 00111111 00011001 00000000 00000000 00000110 00001111  ?.....
0000013e: 00000000 01001001 00010011 00000011 00001110 00110011  .I...3
00000144: 00000110 00000000 00000000 00000111 00010011 00000001  ......
0000014a: 00000011 00001110 00001011 00001011 00110010 00001011  ....2.
00000150: 10001000 00000001 00001111 00000000 00000000 00001000  ......
00000156: 00001101 00000000 00000011 00001110 01001001 00010011  ....I.
0000015c: 10001000 00000001 00001111 00111000 00001011 00110010  ...8.2
00000162: 00001011 00000000 00000000 00001001 00110011 00000001  ....3.
00000168: 00010101 00010011 00000000 00000000 00001010 00001101  ......
0000016e: 00000000 01001001 00010011 10001000 00000001 00001111  .I....
00000174: 00111000 00001011 00110100 00011001 00000000 00000000  8.4...
0000017a: 00001011 00011001 00000001 00000000 00000000 00001100  ......
00000180: 00001101 00000000 00000011 00001110 01001001 00010011  ....I.
00000186: 10001000 00000001 00001111 00111000 00001011 00000000  ...8..
0000018c: 00000000 00001101 00011001 00000001 00010110 00001011  ......
00000192: 00000000 00000000 00001110 00010011 00000000 00000011  ......
00000198: 00001110 00001011 00001011 00110010 00001011 10001000  ...2..
0000019e: 00000001 00001111 00000000 00000000 00001111 00101111  ...../
000001a4: 00000000 01001001 00010011 00000011 00001110 00000000  .I....
000001aa: 00000000 00010000 00100100 00000000 00000011 00001110  ..$...
000001b0: 00111110 00001011 00001011 00001011 00000000 00000000  >.....
000001b6: 00010001 00010101 00000001 01001001 00010011 00000000  ...I..
000001bc: 00000000 00010010 00000101 00000000 01001001 00010011  ....I.
000001c2: 00000000 00000000 00010011 00010011 00000001 00000011  ......
000001c8: 00001110 00001011 00001011 10001000 00000001 00001111  ......
000001ce: 00000000 00000000 00010100 00001111 00000000 01001001  .....I
000001d4: 00010011 00110011 00000110 00000000 00000000 00010101  .3....
000001da: 00010011 00000000 00000011 00001110 00001011 00001011  ......
000001e0: 10001000 00000001 00001111 00000000 00000000 00010110  ......
000001e6: 00000001 00000001 01001001 00010011 00000000 00000000  ..I...
000001ec: 00010111 00100001 00000000 01001001 00010011 00100010  .!.I."
000001f2: 00001101 00110111 00001011 00000000 00000000 00011000  .7....
000001f8: 00100100 00000000 00000011 00001110 00001011 00001011  $.....
000001fe: 00111110 00001011 00000000 00000000 00000000 01101010  >....j
00000204: 00000100 00000000 00000000 00000100 00000000 00000000  ......
0000020a: 00000000 00000000 00000000 00000100 00000001 11010001  ......
00000210: 00000000 00000000 00000000 00011100 00000000 11101110  ......
00000216: 00000001 00000000 00000000 00000000 00000000 00000000  ......
0000021c: 00000000 11000010 00000011 00000000 00000000 00000000  ......
00000222: 00000000 00000000 00000000 00000000 00000000 00000000  ......
00000228: 00000000 00000010 10000000 00000010 00000000 00000000  ......
0000022e: 00000011 00000000 00000000 00000000 00000000 00001100  ......
00000234: 00000000 00000000 00000000 00000001 01010111 00000000  ....W.
0000023a: 00000000 00000000 00000000 11011001 00000010 00000000  ......
00000240: 00000000 00000001 00001010 00000100 00000010 01111101  .....}
00000246: 00000000 00001111 00000001 00000000 00000000 00000001  ......
0000024c: 00001010 01100001 00000000 00000000 00000000 00000000  .a....
00000252: 00000101 11100100 00000000 00000010 00000000 00000110  ......
00000258: 00000000 00000000 00000000 00000001 01010111 10000110  ....W.
0000025e: 00000010 00000000 00000000 00000001 00000101 00000000  ......
00000264: 00000110 01111101 00000000 00000000 00000000 01110011  .}...s
0000026a: 00000000 00000000 00000000 00000000 00000000 00000000  ......
00000270: 00000000 00000010 00001010 00000001 00000000 00000000  ......
00000276: 00000010 11011001 00000010 00000000 00000000 00000010  ......
0000027c: 00100010 00000010 00000000 00000000 00000111 11010111  ".....
00000282: 00000011 00000000 00000000 00001100 00000001 00000100  ......
00000288: 00001000 10101010 00000010 00000000 00000000 00110111  .....7
0000028e: 00000011 00000000 00000000 00000100 00000000 00000011  ......
00000294: 00001000 00011001 00000010 00000000 00000000 00010100  ......
0000029a: 00000100 00000000 00000000 00000100 00000100 00000011  ......
000002a0: 00001000 11101101 00000011 00000000 00000000 01100110  .....f
000002a6: 00000100 00000000 00000000 00000001 00001000 00000011  ......
000002ac: 00001000 10101111 00000011 00000000 00000000 01100110  .....f
000002b2: 00000100 00000000 00000000 00000001 00001001 00000011  ......
000002b8: 00000000 00000000 00000010 00011001 00000010 00000000  ......
000002be: 00000000 00000111 10111111 00000000 00000000 00000000  ......
000002c4: 00010000 00000001 00000100 00001000 01001000 00000010  ....H.
000002ca: 00000000 00000000 01100110 00000010 00000000 00000000  ..f...
000002d0: 00000100 00000000 00000011 00001000 00100001 00000011  ....!.
000002d6: 00000000 00000000 01011000 00000011 00000000 00000000  ..X...
000002dc: 00000100 00001000 00000011 00001000 10000100 00000011  ......
000002e2: 00000000 00000000 01011000 00000011 00000000 00000000  ..X...
000002e8: 00000100 00001100 00000011 00001000 10110011 00000001  ......
000002ee: 00000000 00000000 00100011 00000011 00000000 00000000  ..#...
000002f4: 00000001 00010000 00000011 00000000 00000000 00000000  ......
000002fa: 00000010 11111000 00000011 00000000 00000000 00000111  ......
00000300: 11111100 00000011 00000000 00000000 00001000 00000001  ......
00000306: 00000100 00001000 10110010 00000010 00000000 00000000  ......
0000030c: 00001100 00000010 00000000 00000000 00000100 00000000  ......
00000312: 00000011 00001000 10010111 00000000 00000000 00000000  ......
00000318: 00101010 00000010 00000000 00000000 00000100 00000100  *.....
0000031e: 00000011 00000000 00000010 01101010 00000010 00000000  ...j..
00000324: 00000000 00000111 11100100 00000011 00000000 00000000  ......
0000032a: 00001000 00000001 00000100 00001000 10111011 00000010  ......
00000330: 00000000 00000000 00110111 00000001 00000000 00000000  ..7...
00000336: 00000100 00000000 00000011 00000000 00000111 10011101  ......
0000033c: 00000001 00000000 00000000 00001000 00000011 00000100  ......
00000342: 00001001 01000100 00000001 00000000 00000000 00001010  .D....
00000348: 01011000 00000011 00000000 00000000 00000100 00000000  X.....
0000034e: 00001011 00001100 01010001 00000010 00000000 00000000  ..Q...
00000354: 01100111 00000001 00000000 00000000 00000100 00000000  g.....
0000035a: 00000000 00001101 00000000 00001100 11010011 00000010  ......
00000360: 00000000 00000000 10010100 00000001 00000000 00000000  ......
00000366: 00000100 00000000 00000000 00000000 00000111 01010001  .....Q
0000036c: 00000010 00000000 00000000 00001000 00000011 00000100  ......
00000372: 00001000 11011111 00000010 00000000 00000000 01001000  .....H
00000378: 00000010 00000000 00000000 00000100 00000000 00000011  ......
0000037e: 00001000 10011100 00000000 00000000 00000000 01110011  .....s
00000384: 00000011 00000000 00000000 00000100 00000100 00000011  ......
0000038a: 00001000 11100100 00000001 00000000 00000000 00010001  ......
00000390: 00000011 00000000 00000000 00000001 00001000 00000011  ......
00000396: 00000000 00000111 11010011 00000010 00000000 00000000  ......
0000039c: 00001000 00000011 00000100 00001000 01111100 00000010  ....|.
000003a2: 00000000 00000000 10011101 00000011 00000000 00000000  ......
000003a8: 00000010 00000100 00000011 00000000 00000000 00000000  ......
000003ae: 00001110 00100110 00000011 00000000 00000000 00000000  .&....
000003b4: 00000001 00000001 00000111 10010011 00000001 00000000  ......
000003ba: 00000000 00010000 00000001 00000100 00001000 00101101  .....-
000003c0: 00000010 00000000 00000000 11010100 00000001 00000000  ......
000003c6: 00000000 00000100 00001000 00000011 00001000 00010101  ......
000003cc: 00000001 00000000 00000000 10100100 00000011 00000000  ......
000003d2: 00000000 00000100 00000000 00000011 00000000 00000111  ......
000003d8: 10101101 00000000 00000000 00000000 00001000 00000001  ......
000003de: 00000100 00001000 10001000 00000011 00000000 00000000  ......
000003e4: 01011000 00000011 00000000 00000000 00000100 00000000  X.....
000003ea: 00000011 00001000 11110110 00000010 00000000 00000000  ......
000003f0: 10011101 00000011 00000000 00000000 00000010 00000100  ......
000003f6: 00000011 00001000 00110010 00000100 00000000 00000000  ..2...
000003fc: 10011101 00000011 00000000 00000000 00000010 00000110  ......
00000402: 00000011 00000000 00000000 00000010 01001111 00000011  ....O.
00000408: 00000000 00000000 00000010 11001000 00000000 00000000  ......
0000040e: 00000000 00000111 10001101 00000010 00000000 00000000  ......
00000414: 00000100 00000001 00000100 00001111 01000100 00000011  ....D.
0000041a: 00000000 00000000 01001100 00000000 00000000 00000000  ..L...
00000420: 00001000 11010000 00000001 00000000 00000000 01001011  .....K
00000426: 00000011 00000000 00000000 00000100 00000000 00000011  ......
0000042c: 00000000 00000111 10001110 00000011 00000000 00000000  ......
00000432: 00000100 00000001 00000100 00001111 00100010 00000001  ....".
00000438: 00000000 00000000 01001100 00000000 00000000 00000000  ..L...
0000043e: 00001000 11010000 00000001 00000000 00000000 00000111  ......
00000444: 00000100 00000000 00000000 00000100 00000000 00000011  ......
0000044a: 00000000 00000111 11011000 00000001 00000000 00000000  ......
00000450: 00000100 00000001 00000100 00001111 01011111 00000011  ...._.
00000456: 00000000 00000000 01001100 00000000 00000000 00000000  ..L...
0000045c: 00001000 11010000 00000001 00000000 00000000 01100110  .....f
00000462: 00000011 00000000 00000000 00000100 00000000 00000011  ......
00000468: 00000000 00000111 01011101 00000010 00000000 00000000  ..]...
0000046e: 00001000 00000001 00000100 00001111 01000100 00000011  ....D.
00000474: 00000000 00000000 01001100 00000000 00000000 00000000  ..L...
0000047a: 00001000 11010000 00000001 00000000 00000000 00100001  .....!
00000480: 00000100 00000000 00000000 00000100 00000000 00000011  ......
00000486: 00000000 00000000 00000000 00000010 10100110 00000000  ......
0000048c: 00000000 00000000 00000111 01010011 00000011 00000000  ...S..
00000492: 00000000 00000001 00000001 00000001 00001001 10011000  ......
00000498: 00000010 00000000 00000000 00001010 01000100 00000011  ....D.
0000049e: 00000000 00000000 00000001 00000000 00001101 00000000  ......
000004a4: 00001100 11100001 00000011 00000000 00000000 10111100  ......
000004aa: 00000010 00000000 00000000 00000001 00000000 00000000  ......
000004b0: 00001101 00000001 00001100 00010010 00000011 00000000  ......
000004b6: 00000000 11100011 00000010 00000000 00000000 00000001  ......
000004bc: 00000000 00000000 00000000 00000111 11100001 00000011  ......
000004c2: 00000000 00000000 00000001 00000001 00000001 00001111  ......
000004c8: 01011111 00000011 00000000 00000000 01001100 00000000  _...L.
000004ce: 00000000 00000000 00001111 10101011 00000001 00000000  ......
000004d4: 00000000 01101101 00000010 00000000 00000000 00001000  .m....
000004da: 01111100 00000010 00000000 00000000 01011111 00000011  |..._.
000004e0: 00000000 00000000 00000001 00000001 00000001 00000000  ......
000004e6: 00000111 00010010 00000011 00000000 00000000 00000001  ......
000004ec: 00000001 00000001 00001111 01011111 00000011 00000000  ..._..
000004f2: 00000000 01001100 00000000 00000000 00000000 00001111  .L....
000004f8: 10101011 00000001 00000000 00000000 01101101 00000010  ....m.
000004fe: 00000000 00000000 00001000 01111100 00000010 00000000  ...|..
00000504: 00000000 10101011 00000001 00000000 00000000 00000001  ......
0000050a: 00000001 00000001 00000000 00000000 00000000 00000010  ......
00000510: 01000001 00000010 00000000 00000000 00000111 10011001  A.....
00000516: 00000010 00000000 00000000 00000000 00000001 00000001  ......
0000051c: 00001111 11111010 00000011 00000000 00000000 01001100  .....L
00000522: 00000000 00000000 00000000 00000000 00000111 00100000  ..... 
00000528: 00000100 00000000 00000000 00000000 00000001 00000001  ......
0000052e: 00001111 01001000 00000100 00000000 00000000 01001100  .H...L
00000534: 00000000 00000000 00000000 00000000 00000000 00000000  ......
0000053a: 00000110 11111100 00000000 00000000 00000000 11111100  ......
00000540: 00000010 00000000 00000000 00000000 00000000 00000000  ......
00000546: 00000000 00010000 01001001 00000000 00000000 00000000  ..I...
0000054c: 00000111 00000001 00000110 01000100 00000011 00000000  ...D..
00000552: 00000000 11000010 00000001 00000000 00000000 00000000  ......
00000558: 00000000 00000000 00000000 00010000 11001100 00000001  ......
0000055e: 00000000 00000000 00000111 00000100 00010000 00010110  ......
00000564: 00000010 00000000 00000000 00000111 00000000 00000110  ......
0000056a: 01011111 00000011 00000000 00000000 11100101 00000010  _.....
00000570: 00000000 00000000 00000000 00000000 00000000 00000000  ......
00000576: 00000110 10000000 00000011 00000000 00000000 00011001  ......
0000057c: 00000001 00000000 00000000 00000000 00000000 00000000  ......
00000582: 00000000 00010001 10001011 00000010 00000000 00000000  ......
00000588: 00010010 01001000 00000010 00000000 00000000 00010010  .H....
0000058e: 10010000 00000011 00000000 00000000 00000000 00000110  ......
00000594: 10110011 00000001 00000000 00000000 00000110 00000100  ......
0000059a: 00000000 00000000 00000000 00000000 00000000 00000000  ......
000005a0: 00010000 00101100 00000011 00000000 00000000 00000111  .,....
000005a6: 00000010 00010011 00101111 00000000 00000000 00000000  ../...
000005ac: 00001000 00000100 00001100 11010000 00000001 00000000  ......
000005b2: 00000000 11000010 00000011 00000000 00000000 00000100  ......
000005b8: 00000000 00001100 01101111 00000010 00000000 00000000  ..o...
000005be: 11010010 00000011 00000000 00000000 00000100 00000100  ......
000005c4: 00000000 00010100 11001011 00000011 00000000 00000000  ......
000005ca: 00000000 00000000 00000000 00000000 00010101 10111110  ......
000005d0: 00000010 00000000 00000000 00000000 00000001 00000110  ......
000005d6: 11011111 00000011 00000000 00000000 00110101 00000010  ....5.
000005dc: 00000000 00000000 00000000 00000000 00000000 00000000  ......
000005e2: 00010110 11101100 00000011 00000000 00000000 00010111  ......
000005e8: 11110011 00000011 00000000 00000000 00000000 00000110  ......
000005ee: 00000000 00010000 01110110 00000010 00000000 00000000  ..v...
000005f4: 00000111 00000100 00011000 01110000 00000011 00000000  ...p..
000005fa: 00000000 00001000 00000111 00000110 01011111 00000011  ...._.
00000600: 00000000 00000000 01001110 00000000 00000000 00000000  ..N...
00000606: 00000000 00000000 00000000 00000000 00000110 00100010  ....."
0000060c: 00000001 00000000 00000000 00110000 00000011 00000000  ...0..
00000612: 00000000 00000000 00000000 00000000 00000000 00000110  ......
00000618: 10111100 00000000 00000000 00000000 01010010 00000000  ....R.
0000061e: 00000000 00000000 00000000 00000000 00000000 00000000  ......
00000624: 00010011 00010110 00000011 00000000 00000000 00001000  ......
0000062a: 00000100 00001100 10101010 00000001 00000000 00000000  ......
00000630: 00111111 00000100 00000000 00000000 00000100 00000000  ?.....
00000636: 00001100 11101111 00000010 00000000 00000000 11101100  ......
0000063c: 00000011 00000000 00000000 00000100 00000100 00000000  ......
00000642: 00010100 01000100 00000011 00000000 00000000 00000000  .D....
00000648: 00000000 00000000 00000000 00010011 10111101 00000001  ......
0000064e: 00000000 00000000 00001000 00000100 00001100 10101010  ......
00000654: 00000001 00000000 00000000 00111111 00000100 00000000  ...?..
0000065a: 00000000 00000100 00000000 00001100 11101111 00000010  ......
00000660: 00000000 00000000 11101100 00000011 00000000 00000000  ......
00000666: 00000100 00000100 00000000 00010000 10001110 00000001  ......
0000066c: 00000000 00000000 00000010 00000001 00000000 00100100  .....$
00000672: 00000000 00000000 00000000 00000010 00000000 00000000  ......
00000678: 00000000 00000000 00000000 00000100 00000000 11111111  ......
0000067e: 11111111 11111111 11111111 00000000 00000000 00000000  ......
00000684: 00000000 00001100 00000000 00000000 00000000 11100100  ......
0000068a: 00000000 00000010 00000000 00000110 00000000 00000000  ......
00000690: 00000000 00000000 00000000 00000000 00000000 00000000  ......
00000696: 00000000 00000000 00000000 00000001 00000000 00000000  ......
0000069c: 00000000 00000001 00000000 00000000 00000000 11100100  ......
000006a2: 00000000 00000010 00000000 11101010 00000000 00000010  ......
000006a8: 00000000 00000000 00000000 00000000 00000000 00000000  ......
000006ae: 00000000 00000000 00000000 01011111 01010010 01001110  ..._RN
000006b4: 01110110 01000011 01110011 01101000 01011000 01110111  vCshXw
000006ba: 01000110 01101100 01101100 01011000 00110101 00110110  FllX56
000006c0: 01110000 01010100 01011111 00110111 01011111 01011111  pT_7__
000006c6: 01011111 01110010 01110101 01110011 01110100 01100011  _rustc
000006cc: 00110001 00110111 01110010 01110101 01110011 01110100  17rust
000006d2: 01011111 01100010 01100101 01100111 01101001 01101110  _begin
000006d8: 01011111 01110101 01101110 01110111 01101001 01101110  _unwin
000006de: 01100100 00000000 00100110 01101101 01110101 01110100  d.&mut
000006e4: 00100000 01100100 01111001 01101110 00100000 01100011   dyn c
000006ea: 01101111 01110010 01100101 00111010 00111010 01100110  ore::f
000006f0: 01101101 01110100 00111010 00111010 01010111 01110010  mt::Wr
000006f6: 01101001 01110100 01100101 00000000 01110101 00111000  ite.u8
000006fc: 00000000 01010100 00000000 00100110 00101000 00101001  .T.&()
00000702: 00000000 00100110 01100011 01101111 01110010 01100101  .&core
00000708: 00111010 00111010 01110000 01100001 01101110 01101001  ::pani
0000070e: 01100011 00111010 00111010 01101100 01101111 01100011  c::loc
00000714: 01100001 01110100 01101001 01101111 01101110 00111010  ation:
0000071a: 00111010 01001100 01101111 01100011 01100001 01110100  :Locat
00000720: 01101001 01101111 01101110 00000000 00100110 01100011  ion.&c
00000726: 01101111 01110010 01100101 00111010 00111010 01110000  ore::p
0000072c: 01100001 01101110 01101001 01100011 00111010 00111010  anic::
00000732: 01110000 01100001 01101110 01101001 01100011 01011111  panic_
00000738: 01101001 01101110 01100110 01101111 00111010 00111010  info::
0000073e: 01010000 01100001 01101110 01101001 01100011 01001001  PanicI
00000744: 01101110 01100110 01101111 00000000 01100001 01110010  nfo.ar
0000074a: 01100111 01110011 00000000 01100110 01101111 01110010  gs.for
00000750: 01101101 01100001 01110100 01110100 01100101 01110010  matter
00000756: 00000000 01110010 01100101 01110011 01110101 01101100  .resul
0000075c: 01110100 00000000 01000110 01101111 01110010 01101101  t.Form
00000762: 01100001 01110100 01110100 01101001 01101110 01100111  atting
00000768: 01001111 01110000 01110100 01101001 01101111 01101110  Option
0000076e: 01110011 00000000 01001100 01101111 01100011 01100001  s.Loca
00000774: 01110100 01101001 01101111 01101110 00000000 01101110  tion.n
0000077a: 01101111 01101110 01011111 01101110 01110101 01101100  on_nul
00000780: 01101100 00000000 01100011 01101100 01100001 01101110  l.clan
00000786: 01100111 00100000 01001100 01001100 01010110 01001101  g LLVM
0000078c: 00100000 00101000 01110010 01110101 01110011 01110100   (rust
00000792: 01100011 00100000 01110110 01100101 01110010 01110011  c vers
00000798: 01101001 01101111 01101110 00100000 00110001 00101110  ion 1.
0000079e: 00111001 00110011 00101110 00110000 00100000 00101000  93.0 (
000007a4: 00110010 00110101 00110100 01100010 00110101 00111001  254b59
000007aa: 00110110 00110000 00110111 00100000 00110010 00110000  607 20
000007b0: 00110010 00110110 00101101 00110000 00110001 00101101  26-01-
000007b6: 00110001 00111001 00101001 00101001 00000000 01100011  19)).c
000007bc: 01101111 01110010 01100101 00000000 01011111 01101001  ore._i
000007c2: 01101110 01100110 01101111 00000000 01100010 01110101  nfo.bu
000007c8: 01100110 00000000 01110101 01101110 01110011 01100001  f.unsa
000007ce: 01100110 01100101 00100000 01100110 01101110 00101000  fe fn(
000007d4: 01100011 01101111 01110010 01100101 00111010 00111010  core::
000007da: 01110000 01110100 01110010 00111010 00111010 01101110  ptr::n
000007e0: 01101111 01101110 01011111 01101110 01110101 01101100  on_nul
000007e6: 01101100 00111010 00111010 01001110 01101111 01101110  l::Non
000007ec: 01001110 01110101 01101100 01101100 00111100 00101000  Null<(
000007f2: 00101001 00111110 00101100 00100000 00100110 01101101  )>, &m
000007f8: 01110101 01110100 00100000 01100011 01101111 01110010  ut cor
000007fe: 01100101 00111010 00111010 01100110 01101101 01110100  e::fmt
00000804: 00111010 00111010 01000110 01101111 01110010 01101101  ::Form
0000080a: 01100001 01110100 01110100 01100101 01110010 00101001  atter)
00000810: 00100000 00101101 00111110 00100000 01100011 01101111   -> co
00000816: 01110010 01100101 00111010 00111010 01110010 01100101  re::re
0000081c: 01110011 01110101 01101100 01110100 00111010 00111010  sult::
00000822: 01010010 01100101 01110011 01110101 01101100 01110100  Result
00000828: 00111100 00101000 00101001 00101100 00100000 01100011  <(), c
0000082e: 01101111 01110010 01100101 00111010 00111010 01100110  ore::f
00000834: 01101101 01110100 00111010 00111010 01000101 01110010  mt::Er
0000083a: 01110010 01101111 01110010 00111110 00000000 01100010  ror>.b
00000840: 01101111 01101111 01101100 00000000 01000110 01101111  ool.Fo
00000846: 01110010 01101101 01100001 01110100 01110100 01100101  rmatte
0000084c: 01110010 00000000 01000001 01110010 01100111 01110101  r.Argu
00000852: 01101101 01100101 01101110 01110100 01010100 01111001  mentTy
00000858: 01110000 01100101 00000000 01100100 01100001 01110100  pe.dat
0000085e: 01100001 01011111 01110000 01110100 01110010 00000000  a_ptr.
00000864: 01011111 01100110 01101001 01101100 01100101 01101110  _filen
0000086a: 01100001 01101101 01100101 00000000 00100110 01110011  ame.&s
00000870: 01110100 01110010 00000000 00101010 01100011 01101111  tr.*co
00000876: 01101110 01110011 01110100 00100000 01110101 00111000  nst u8
0000087c: 00000000 01110101 00110011 00110010 00000000 01110000  .u32.p
00000882: 01101111 01101001 01101110 01110100 01100101 01110010  ointer
00000888: 00000000 01001110 01101111 01101110 01001110 01110101  .NonNu
0000088e: 01101100 01101100 00111100 00101000 00101001 00111110  ll<()>
00000894: 00000000 01011111 01101100 01101001 01100110 01100101  ._life
0000089a: 01110100 01101001 01101101 01100101 00000000 01110011  time.s
000008a0: 01110010 01100011 00101111 01101101 01100001 01101001  rc/mai
000008a6: 01101110 00101110 01110010 01110011 00101111 01000000  n.rs/@
000008ac: 00101111 00110000 01100111 01101111 00110101 01100110  /0go5f
000008b2: 01110011 00110100 01111010 01110001 00110101 01111000  s4zq5x
000008b8: 00110000 01101110 00111001 00110000 01111000 01101101  0n90xm
000008be: 01110100 00111001 00110100 00110100 01100110 01101101  t944fm
000008c4: 01101001 01100110 00000000 00101000 00101001 00000000  if.().
000008ca: 01101100 01101111 01100011 01100001 01110100 01101001  locati
000008d0: 01101111 01101110 00000000 01110000 01100001 01101110  on.pan
000008d6: 01101001 01100011 01011111 01101001 01101110 01100110  ic_inf
000008dc: 01101111 00000000 01101111 01110000 01110100 01101001  o.opti
000008e2: 01101111 01101110 01110011 00000000 00100110 01011011  ons.&[
000008e8: 01110101 01110011 01101001 01111010 01100101 00111011  usize;
000008ee: 00100000 00110110 01011101 00000000 01101101 01100001   6].ma
000008f4: 01110010 01101011 01100101 01110010 00000000 01100110  rker.f
000008fa: 01101001 01101100 01100101 01101110 01100001 01101101  ilenam
00000900: 01100101 00000000 01010000 01101100 01100001 01100011  e.Plac
00000906: 01100101 01101000 01101111 01101100 01100100 01100101  eholde
0000090c: 01110010 00000000 01001110 01101111 01101110 01001110  r.NonN
00000912: 01110101 01101100 01101100 00111100 01110011 01110100  ull<st
00000918: 01110010 00111110 00000000 01110010 01110100 00000000  r>.rt.
0000091e: 01000101 00000000 01110110 01110100 01100001 01100010  E.vtab
00000924: 01101100 01100101 00000000 01110101 01110011 01101001  le.usi
0000092a: 01111010 01100101 00000000 01011111 01011111 00110000  ze.__0
00000930: 00000000 01101100 01110011 01011111 01101111 01110011  .ls_os
00000936: 00000000 01011111 01110011 01110100 01100001 01110010  ._star
0000093c: 01110100 00000000 01001110 01101111 01101110 01001110  t.NonN
00000942: 01110101 01101100 01101100 00111100 01110101 00111000  ull<u8
00000948: 00111110 00000000 01010000 01101000 01100001 01101110  >.Phan
0000094e: 01110100 01101111 01101101 01000100 01100001 01110100  tomDat
00000954: 01100001 00111100 00100110 00101000 00101001 00111110  a<&()>
0000095a: 00000000 01101101 01100101 01110011 01110011 01100001  .messa
00000960: 01100111 01100101 00000000 01110100 01100101 01101101  ge.tem
00000966: 01110000 01101100 01100001 01110100 01100101 00000000  plate.
0000096c: 01110100 01111001 00000000 01100100 01111001 01101110  ty.dyn
00000972: 00100000 01100011 01101111 01110010 01100101 00111010   core:
00000978: 00111010 01100110 01101101 01110100 00111010 00111010  :fmt::
0000097e: 01010111 01110010 01101001 01110100 01100101 00000000  Write.
00000984: 01000011 01101111 01110101 01101110 01110100 00000000  Count.
0000098a: 01110000 01100001 01101110 01101001 01100011 00000000  panic.
00000990: 01110110 01100001 01101100 01110101 01100101 00000000  value.
00000996: 00101010 01100011 01101111 01101110 01110011 01110100  *const
0000099c: 00100000 00101000 00101001 00000000 01101100 01100101   ().le
000009a2: 01101110 01100111 01110100 01101000 00000000 01110111  ngth.w
000009a8: 01101001 01100100 01110100 01101000 00000000 00100110  idth.&
000009ae: 01100011 01101111 01110010 01100101 00111010 00111010  core::
000009b4: 01100110 01101101 01110100 00111010 00111010 01000001  fmt::A
000009ba: 01110010 01100111 01110101 01101101 01100101 01101110  rgumen
000009c0: 01110100 01110011 00000000 01000101 01110010 01110010  ts.Err
000009c6: 00000000 00101010 01100011 01101111 01101110 01110011  .*cons
000009cc: 01110100 00100000 01110011 01110100 01110010 00000000  t str.
000009d2: 01101100 01101001 01101110 01100101 00000000 01000101  line.E
000009d8: 01110010 01110010 01101111 01110010 00000000 01110101  rror.u
000009de: 00110001 00110110 00000000 00101010 01100011 01101111  16.*co
000009e4: 01101110 01110011 01110100 00100000 01100011 01101111  nst co
000009ea: 01110010 01100101 00111010 00111010 01100110 01101101  re::fm
000009f0: 01110100 00111010 00111010 01110010 01110100 00111010  t::rt:
000009f6: 00111010 01000001 01110010 01100111 01110101 01101101  :Argum
000009fc: 01100101 01101110 01110100 00000000 01110000 01110100  ent.pt
00000a02: 01110010 00000000 01010010 01100101 01110011 01110101  r.Resu
00000a08: 01101100 01110100 00111100 00101000 00101001 00101100  lt<(),
00000a0e: 00100000 01100011 01101111 01110010 01100101 00111010   core:
00000a14: 00111010 01100110 01101101 01110100 00111010 00111010  :fmt::
00000a1a: 01000101 01110010 01110010 01101111 01110010 00111110  Error>
00000a20: 00000000 01011111 01011111 01000001 01010010 01010010  .__ARR
00000a26: 01000001 01011001 01011111 01010011 01001001 01011010  AY_SIZ
00000a2c: 01000101 01011111 01010100 01011001 01010000 01000101  E_TYPE
00000a32: 01011111 01011111 00000000 01100011 01101111 01101100  __.col
00000a38: 00000000 01100110 01101100 01100001 01100111 01110011  .flags
00000a3e: 00000000 01001110 01101111 01101110 01001110 01110101  .NonNu
00000a44: 01101100 01101100 00111100 01100011 01101111 01110010  ll<cor
00000a4a: 01100101 00111010 00111010 01100110 01101101 01110100  e::fmt
00000a50: 00111010 00111010 01110010 01110100 00111010 00111010  ::rt::
00000a56: 01000001 01110010 01100111 01110101 01101101 01100101  Argume
00000a5c: 01101110 01110100 00111110 00000000 01100110 01101111  nt>.fo
00000a62: 01110010 01100011 01100101 01011111 01101110 01101111  rce_no
00000a68: 01011111 01100010 01100001 01100011 01101011 01110100  _backt
00000a6e: 01110010 01100001 01100011 01100101 00000000 00101111  race./
00000a74: 01010101 01110011 01100101 01110010 01110011 00101111  Users/
00000a7a: 01101100 01100101 01101111 00101111 01100100 01100101  leo/de
00000a80: 01110110 00101111 01101100 01110011 00101101 01101111  v/ls-o
00000a86: 01110011 00000000 01010000 01100001 01101110 01101001  s.Pani
00000a8c: 01100011 01001001 01101110 01100110 01101111 00000000  cInfo.
00000a92: 01001111 01101011 00000000 01000001 01110010 01100111  Ok.Arg
00000a98: 01110101 01101101 01100101 01101110 01110100 00000000  ument.
00000a9e: 01100011 01100001 01101110 01011111 01110101 01101110  can_un
00000aa4: 01110111 01101001 01101110 01100100 00000000 01100110  wind.f
00000aaa: 01101101 01110100 00000000 01000001 01110010 01100111  mt.Arg
00000ab0: 01110101 01101101 01100101 01101110 01110100 01110011  uments
00000ab6: 00000000 00100110 01101101 01110101 01110100 00100000  .&mut 
00000abc: 01100011 01101111 01110010 01100101 00111010 00111010  core::
00000ac2: 01100110 01101101 01110100 00111010 00111010 01000110  fmt::F
00000ac8: 01101111 01110010 01101101 01100001 01110100 01110100  ormatt
00000ace: 01100101 01110010 00000000 01010000 01101000 01100001  er.Pha
00000ad4: 01101110 01110100 01101111 01101101 01000100 01100001  ntomDa
00000ada: 01110100 01100001 00111100 00100110 01110011 01110100  ta<&st
00000ae0: 01110010 00111110 00000000 01110000 01110010 01100101  r>.pre
00000ae6: 01100011 01101001 01110011 01101001 01101111 01101110  cision
00000aec: 00000000 01110010 01110101 01110011 01110100 01100011  .rustc
00000af2: 00100000 01110110 01100101 01110010 01110011 01101001   versi
00000af8: 01101111 01101110 00100000 00110001 00101110 00111001  on 1.9
00000afe: 00110011 00101110 00110000 00100000 00101000 00110010  3.0 (2
00000b04: 00110101 00110100 01100010 00110101 00111001 00110110  54b596
00000b0a: 00110000 00110111 00100000 00110010 00110000 00110010  07 202
00000b10: 00110110 00101101 00110000 00110001 00101101 00110001  6-01-1
00000b16: 00111001 00101001 00000000 00000000 01001100 01101001  9)..Li
00000b1c: 01101110 01101011 01100101 01110010 00111010 00100000  nker: 
00000b22: 01001100 01001100 01000100 00100000 00110010 00110001  LLD 21
00000b28: 00101110 00110001 00101110 00111000 00100000 00101000  .1.8 (
00000b2e: 01101000 01110100 01110100 01110000 01110011 00111010  https:
00000b34: 00101111 00101111 01100111 01101001 01110100 01101000  //gith
00000b3a: 01110101 01100010 00101110 01100011 01101111 01101101  ub.com
00000b40: 00101111 01110010 01110101 01110011 01110100 00101101  /rust-
00000b46: 01101100 01100001 01101110 01100111 00101111 01101100  lang/l
00000b4c: 01101100 01110110 01101101 00101101 01110000 01110010  lvm-pr
00000b52: 01101111 01101010 01100101 01100011 01110100 00101110  oject.
00000b58: 01100111 01101001 01110100 00100000 00111000 00110101  git 85
00000b5e: 01100001 00111001 00110000 01100100 00110001 00110001  a90d11
00000b64: 00111001 01100100 01100101 01100010 00110010 00110101  9deb25
00000b6a: 01100010 00110101 00110001 00111000 00111000 00110110  b51886
00000b70: 00110111 01100011 01100100 00110011 00110111 01100100  7cd37d
00000b76: 00110110 00110010 01100011 00110111 01100010 00111001  62c7b9
00000b7c: 00110011 01100010 00110101 00110111 00110101 01100001  3b575a
00000b82: 00110110 01100110 00101001 00000000 01000001 00111001  6f).A9
00000b88: 00000000 00000000 00000000 01100001 01100101 01100001  ...aea
00000b8e: 01100010 01101001 00000000 00000001 00101111 00000000  bi../.
00000b94: 00000000 00000000 01000011 00110010 00101110 00110000  ..C2.0
00000b9a: 00111001 00000000 00000110 00001101 00000111 01001101  9....M
00000ba0: 00001000 00000000 00001001 00000010 00001010 00000110  ......
00000ba6: 00001110 00000000 00010001 00000001 00010100 00000001  ......
00000bac: 00010101 00000001 00010111 00000011 00011000 00000001  ......
00000bb2: 00011001 00000001 00011011 00000001 00011100 00000001  ......
00000bb8: 00011110 00000101 00100010 00000001 00100100 00000001  ..".$.
00000bbe: 00100110 00000001 00010000 00000000 00000000 00000000  &.....
00000bc4: 11111111 11111111 11111111 11111111 00000100 00000000  ......
00000bca: 00000100 00000000 00000001 01111100 00001110 00001100  ...|..
00000bd0: 00001101 00000000 00000000 00000000 00011000 00000000  ......
00000bd6: 00000000 00000000 00000000 00000000 00000000 00000000  ......
00000bdc: 00000000 00000000 00000000 00000000 00001100 00000000  ......
00000be2: 00000000 00000000 01000010 00001110 00001000 10001110  ..B...
00000be8: 00000001 10000111 00000010 01000010 00001101 00000111  ...B..
00000bee: 00000000 00000000 00011000 00000000 00000000 00000000  ......
00000bf4: 00000000 00000000 00000000 00000000 11100100 00000000  ......
00000bfa: 00000010 00000000 00000110 00000000 00000000 00000000  ......
00000c00: 01000010 00001110 00001000 10001110 00000001 10000111  B.....
00000c06: 00000010 01000010 00001101 00000111 00000000 00000000  .B....
00000c0c: 01001110 00000000 00000000 00000000 00000100 00000000  N.....
00000c12: 00100011 00000000 00000000 00000000 00000001 00000001  #.....
00000c18: 00000001 11111011 00001110 00001101 00000000 00000001  ......
00000c1e: 00000001 00000001 00000001 00000000 00000000 00000000  ......
00000c24: 00000001 00000000 00000000 00000001 01110011 01110010  ....sr
00000c2a: 01100011 00000000 00000000 01101101 01100001 01101001  c..mai
00000c30: 01101110 00101110 01110010 01110011 00000000 00000001  n.rs..
00000c36: 00000000 00000000 00000000 00000000 00000101 00000010  ......
00000c3c: 00000000 00000000 00000000 00000000 00000011 00001001  ......
00000c42: 00000001 00000101 00000101 00001010 10000011 00000010  ......
00000c48: 00000100 00000000 00000001 00000001 00000000 00000101  ......
00000c4e: 00000010 11100100 00000000 00000010 00000000 00010110  ......
00000c54: 00000101 00000010 00001010 00001011 01001100 00000010  ....L.
00000c5a: 00000010 00000000 00000001 00000001 00000000 00000000  ......
00000c60: 00000000 00000000 00000000 00000000 00000000 00000000  ......
00000c66: 00000000 00000000 00000000 00000000 00000000 00000000  ......
00000c6c: 00000000 00000000 00000000 00000000 00000001 00000000  ......
00000c72: 00000000 00000000 00000000 00000000 00000000 00000000  ......
00000c78: 00000000 00000000 00000000 00000000 00000100 00000000  ......
00000c7e: 11110001 11111111 00011011 00000000 00000000 00000000  ......
00000c84: 11100100 00000000 00000010 00000000 00000000 00000000  ......
00000c8a: 00000000 00000000 00000000 00000000 00000010 00000000  ......
00000c90: 00011110 00000000 00000000 00000000 11100101 00000000  ......
00000c96: 00000010 00000000 00000110 00000000 00000000 00000000  ......
00000c9c: 00010010 00000000 00000010 00000000 00000000 00101110  ......
00000ca2: 01000001 01010010 01001101 00101110 01100101 01111000  ARM.ex
00000ca8: 01101001 01100100 01111000 00000000 00101110 01110100  idx..t
00000cae: 01100101 01111000 01110100 00000000 00101110 01100100  ext..d
00000cb4: 01100101 01100010 01110101 01100111 01011111 01100001  ebug_a
00000cba: 01100010 01100010 01110010 01100101 01110110 00000000  bbrev.
00000cc0: 00101110 01100100 01100101 01100010 01110101 01100111  .debug
00000cc6: 01011111 01101001 01101110 01100110 01101111 00000000  _info.
00000ccc: 00101110 01100100 01100101 01100010 01110101 01100111  .debug
00000cd2: 01011111 01100001 01110010 01100001 01101110 01100111  _arang
00000cd8: 01100101 01110011 00000000 00101110 01100100 01100101  es..de
00000cde: 01100010 01110101 01100111 01011111 01110010 01100001  bug_ra
00000ce4: 01101110 01100111 01100101 01110011 00000000 00101110  nges..
00000cea: 01100100 01100101 01100010 01110101 01100111 01011111  debug_
00000cf0: 01110011 01110100 01110010 00000000 00101110 01100011  str..c
00000cf6: 01101111 01101101 01101101 01100101 01101110 01110100  omment
00000cfc: 00000000 00101110 01000001 01010010 01001101 00101110  ..ARM.
00000d02: 01100001 01110100 01110100 01110010 01101001 01100010  attrib
00000d08: 01110101 01110100 01100101 01110011 00000000 00101110  utes..
00000d0e: 01100100 01100101 01100010 01110101 01100111 01011111  debug_
00000d14: 01100110 01110010 01100001 01101101 01100101 00000000  frame.
00000d1a: 00101110 01100100 01100101 01100010 01110101 01100111  .debug
00000d20: 01011111 01101100 01101001 01101110 01100101 00000000  _line.
00000d26: 00101110 01110011 01111001 01101101 01110100 01100001  .symta
00000d2c: 01100010 00000000 00101110 01110011 01101000 01110011  b..shs
00000d32: 01110100 01110010 01110100 01100001 01100010 00000000  trtab.
00000d38: 00101110 01110011 01110100 01110010 01110100 01100001  .strta
00000d3e: 01100010 00000000 00000000 00110000 01100111 01101111  b..0go
00000d44: 00110101 01100110 01110011 00110100 01111010 01110001  5fs4zq
00000d4a: 00110101 01111000 00110000 01101110 00111001 00110000  5x0n90
00000d50: 01111000 01101101 01110100 00111001 00110100 00110100  xmt944
00000d56: 01100110 01101101 01101001 01100110 00000000 00100100  fmif.$
00000d5c: 01110100 00000000 01011111 01110011 01110100 01100001  t._sta
00000d62: 01110010 01110100 00000000 00000000 00000000 00000000  rt....
00000d68: 00000000 00000000 00000000 00000000 00000000 00000000  ......
00000d6e: 00000000 00000000 00000000 00000000 00000000 00000000  ......
00000d74: 00000000 00000000 00000000 00000000 00000000 00000000  ......
00000d7a: 00000000 00000000 00000000 00000000 00000000 00000000  ......
00000d80: 00000000 00000000 00000000 00000000 00000000 00000000  ......
00000d86: 00000000 00000000 00000000 00000000 00000000 00000000  ......
00000d8c: 00000000 00000000 00000000 00000000 00000001 00000000  ......
00000d92: 00000000 00000000 00000001 00000000 00000000 01110000  .....p
00000d98: 10000010 00000000 00000000 00000000 11010100 00000000  ......
00000d9e: 00000001 00000000 11010100 00000000 00000000 00000000  ......
00000da4: 00010000 00000000 00000000 00000000 00000010 00000000  ......
00000daa: 00000000 00000000 00000000 00000000 00000000 00000000  ......
00000db0: 00000100 00000000 00000000 00000000 00000000 00000000  ......
00000db6: 00000000 00000000 00001100 00000000 00000000 00000000  ......
00000dbc: 00000001 00000000 00000000 00000000 00000110 00000000  ......
00000dc2: 00000000 00000000 11100100 00000000 00000010 00000000  ......
00000dc8: 11100100 00000000 00000000 00000000 00000110 00000000  ......
00000dce: 00000000 00000000 00000000 00000000 00000000 00000000  ......
00000dd4: 00000000 00000000 00000000 00000000 00000010 00000000  ......
00000dda: 00000000 00000000 00000000 00000000 00000000 00000000  ......
00000de0: 00010010 00000000 00000000 00000000 00000001 00000000  ......
00000de6: 00000000 00000000 00000000 00000000 00000000 00000000  ......
00000dec: 00000000 00000000 00000000 00000000 11101010 00000000  ......
00000df2: 00000000 00000000 00011001 00000001 00000000 00000000  ......
00000df8: 00000000 00000000 00000000 00000000 00000000 00000000  ......
00000dfe: 00000000 00000000 00000001 00000000 00000000 00000000  ......
00000e04: 00000000 00000000 00000000 00000000 00100000 00000000  .... .
00000e0a: 00000000 00000000 00000001 00000000 00000000 00000000  ......
00000e10: 00000000 00000000 00000000 00000000 00000000 00000000  ......
00000e16: 00000000 00000000 00000011 00000010 00000000 00000000  ......
00000e1c: 01101110 00000100 00000000 00000000 00000000 00000000  n.....
00000e22: 00000000 00000000 00000000 00000000 00000000 00000000  ......
00000e28: 00000001 00000000 00000000 00000000 00000000 00000000  ......
00000e2e: 00000000 00000000 00101100 00000000 00000000 00000000  ..,...
00000e34: 00000001 00000000 00000000 00000000 00000000 00000000  ......
00000e3a: 00000000 00000000 00000000 00000000 00000000 00000000  ......
00000e40: 01110001 00000110 00000000 00000000 00101000 00000000  q...(.
00000e46: 00000000 00000000 00000000 00000000 00000000 00000000  ......
00000e4c: 00000000 00000000 00000000 00000000 00000001 00000000  ......
00000e52: 00000000 00000000 00000000 00000000 00000000 00000000  ......
00000e58: 00111011 00000000 00000000 00000000 00000001 00000000  ;.....
00000e5e: 00000000 00000000 00000000 00000000 00000000 00000000  ......
00000e64: 00000000 00000000 00000000 00000000 10011001 00000110  ......
00000e6a: 00000000 00000000 00011000 00000000 00000000 00000000  ......
00000e70: 00000000 00000000 00000000 00000000 00000000 00000000  ......
00000e76: 00000000 00000000 00000001 00000000 00000000 00000000  ......
00000e7c: 00000000 00000000 00000000 00000000 01001001 00000000  ....I.
00000e82: 00000000 00000000 00000001 00000000 00000000 00000000  ......
00000e88: 00110000 00000000 00000000 00000000 00000000 00000000  0.....
00000e8e: 00000000 00000000 10110001 00000110 00000000 00000000  ......
00000e94: 00111100 00000100 00000000 00000000 00000000 00000000  <.....
00000e9a: 00000000 00000000 00000000 00000000 00000000 00000000  ......
00000ea0: 00000001 00000000 00000000 00000000 00000001 00000000  ......
00000ea6: 00000000 00000000 01010100 00000000 00000000 00000000  ..T...
00000eac: 00000001 00000000 00000000 00000000 00110000 00000000  ....0.
00000eb2: 00000000 00000000 00000000 00000000 00000000 00000000  ......
00000eb8: 11101101 00001010 00000000 00000000 10011001 00000000  ......
00000ebe: 00000000 00000000 00000000 00000000 00000000 00000000  ......
00000ec4: 00000000 00000000 00000000 00000000 00000001 00000000  ......
00000eca: 00000000 00000000 00000001 00000000 00000000 00000000  ......
00000ed0: 01011101 00000000 00000000 00000000 00000011 00000000  ].....
00000ed6: 00000000 01110000 00000000 00000000 00000000 00000000  .p....
00000edc: 00000000 00000000 00000000 00000000 10000110 00001011  ......
00000ee2: 00000000 00000000 00111010 00000000 00000000 00000000  ..:...
00000ee8: 00000000 00000000 00000000 00000000 00000000 00000000  ......
00000eee: 00000000 00000000 00000001 00000000 00000000 00000000  ......
00000ef4: 00000000 00000000 00000000 00000000 01101101 00000000  ....m.
00000efa: 00000000 00000000 00000001 00000000 00000000 00000000  ......
00000f00: 00000000 00000000 00000000 00000000 00000000 00000000  ......
00000f06: 00000000 00000000 11000000 00001011 00000000 00000000  ......
00000f0c: 01001100 00000000 00000000 00000000 00000000 00000000  L.....
00000f12: 00000000 00000000 00000000 00000000 00000000 00000000  ......
00000f18: 00000100 00000000 00000000 00000000 00000000 00000000  ......
00000f1e: 00000000 00000000 01111010 00000000 00000000 00000000  ..z...
00000f24: 00000001 00000000 00000000 00000000 00000000 00000000  ......
00000f2a: 00000000 00000000 00000000 00000000 00000000 00000000  ......
00000f30: 00001100 00001100 00000000 00000000 01010010 00000000  ....R.
00000f36: 00000000 00000000 00000000 00000000 00000000 00000000  ......
00000f3c: 00000000 00000000 00000000 00000000 00000001 00000000  ......
00000f42: 00000000 00000000 00000000 00000000 00000000 00000000  ......
00000f48: 10000110 00000000 00000000 00000000 00000010 00000000  ......
00000f4e: 00000000 00000000 00000000 00000000 00000000 00000000  ......
00000f54: 00000000 00000000 00000000 00000000 01100000 00001100  ....`.
00000f5a: 00000000 00000000 01000000 00000000 00000000 00000000  ..@...
00000f60: 00001110 00000000 00000000 00000000 00000011 00000000  ......
00000f66: 00000000 00000000 00000100 00000000 00000000 00000000  ......
00000f6c: 00010000 00000000 00000000 00000000 10001110 00000000  ......
00000f72: 00000000 00000000 00000011 00000000 00000000 00000000  ......
00000f78: 00000000 00000000 00000000 00000000 00000000 00000000  ......
00000f7e: 00000000 00000000 10100000 00001100 00000000 00000000  ......
00000f84: 10100000 00000000 00000000 00000000 00000000 00000000  ......
00000f8a: 00000000 00000000 00000000 00000000 00000000 00000000  ......
00000f90: 00000001 00000000 00000000 00000000 00000000 00000000  ......
00000f96: 00000000 00000000 10011000 00000000 00000000 00000000  ......
00000f9c: 00000011 00000000 00000000 00000000 00000000 00000000  ......
00000fa2: 00000000 00000000 00000000 00000000 00000000 00000000  ......
00000fa8: 01000000 00001101 00000000 00000000 00100101 00000000  @...%.
00000fae: 00000000 00000000 00000000 00000000 00000000 00000000  ......
00000fb4: 00000000 00000000 00000000 00000000 00000001 00000000  ......
00000fba: 00000000 00000000 00000000 00000000 00000000 00000000  ......
